#SC300 PCBA Testing Fixture Critieria
#Version: 202000927
#Nortek Control
!!!DO NOT CHANGE WITHOUT CONFIRMATION OF NSC RD!!!


freqwifi_range=[2400000000,2420000000]
powerwifi_range=[-60,-30]
iperfwifi_range=[0,300]


sensevol_range=[10.5,12]
relayvol_range=[3,3.6]
spkthd_range=[0.00001,0.09]
spkamp_range=[-80,-10]
sensevol_range=[11,12]
bspversion=20201208.175321
irver=03-00-00-02
sensever=01-00-00-00






